328
1265
1987
1639
1500
1402
317
975
524
1007
484
2026
1665
1229
701
4494
1896
224
1563
381
2602
1927
1427
769
5888
1417
2062
474
1052
2180
4024
1057
5049
11322
1774
721
364
105
2953
328
1265
1987
1639
1500
1402
317
975
524
1007
484
2026
1665
1229
701
4494
1896
224
1563
381
2602
1927
1427
769
5888
1417
2062
474
1052
2180
4024
1057
5049
11322
1774
721
364
105
2953
328
1265
1987
1639
1500
1402
317
975
524
1007
484
2026
1665
1229
701
4494
1896
224
1563
381
2602
1927
1427
769
5888
1417
2062
474
1052
2180
4024
1057
5049
11322
1774
721
364
105
2953
328
1265
1987
1639
1500
1402
317
975
524
1007
484
2026
1665
1229
701
4494
1896
224
1563
381
2602
1927
1427
769
5888
1417
2062
474
1052
2180
4024
1057
5049
11322
1774
721
364
105
2953
328
1265
1987
1639
1500
1402
317
975
524
1007
484
2026
1665
1229
701
4494
1896
224
1563
381
2602
1927
1427
769
5888
1417
2062
474
1052
2180
4024
1057
5049
11322
1774
721
364
105
2953
328
1265
1987
1639
1500
1402
317
975
524
1007
484
2026
1665
1229
701
4494
1896
224
1563
381
2602
1927
1427
769
5888
1417
2062
474
1052
2180
4024
1057
5049
11322
1774
721
364
105
2953
328
1265
1987
1639
1500
1402
317
975
524
1007
484
2026
1665
1229
701
4494
1896
224
1563
381
2602
1927
1427
769
5888
1417
2062
474
1052
2180
4024
1057
5049
11322
1774
721
364
105
2953
328
1265
1987
1639
1500
1402
317
975
524
1007
484
2026
1665
1229
701
4494
1896
224
1563
381
2602
1927
1427
769
5888
1417
2062
474
1052
2180
4024
1057
5049
11322
1774
721
364
105
2953
328
1265
1987
1639
1500
1402
317
975
524
1007
484
2026
1665
1229
701
4494
1896
224
1563
381
2602
1927
1427
769
5888
1417
2062
474
1052
2180
4024
1057
5049
11322
1774
721
364
105
2953
328
1265
1987
1639
1500
1402
317
975
524
1007
484
2026
1665
1229
701
4494
1896
224
1563
381
2602
1927
1427
769
5888
1417
2062
474
1052
2180
4024
1057
5049
11322
1774
721
364
105
2953
328
1265
1987
1639
1500
1402
317
975
524
1007
484
2026
1665
1229
701
4494
1896
224
1563
381
2602
1927
1427
769
5888
1417
2062
474
1052
2180
4024
1057
5049
11322
1774
721
364
105
2953
328
1265
1987
1639
1500
1402
317
975
524
1007
484
2026
1665
1229
701
4494
1896
224
1563
381
2602
1927
1427
769
5888
1417
2062
474
1052
2180
4024
1057
5049
11322
1774
721
364
105
2953
328
1265
1987
1639
1500
1402
317
975
524
1007
484
2026
1665
1229
701
4494
1896
224
1563
381
2602
1927
1427
769
5888
1417
2062
474
1052
2180
4024
1057
5049
11322
1774
721
364
105
2953
328
1265
1987
1639
1500
1402
317
975
524
1007
484
2026
1665
1229
701
4494
1896
224
1563
381
2602
1927
1427
769
5888
1417
2062
474
1052
2180
4024
1057
5049
11322
1774
721
364
105
2953
328
1265
1987
1639
1500
1402
317
975
524
1007
484
2026
1665
1229
701
4494
1896
224
1563
381
2602
1927
1427
769
5888
1417
2062
474
1052
2180
4024
1057
5049
11322
1774
721
364
105
2953
328
1265
1987
1639
1500
1402
317
975
524
1007
484
2026
1665
1229
701
4494
1896
224
1563
381
2602
1927
1427
769
5888
1417
2062
474
1052
2180
4024
1057
5049
11322
1774
721
364
105
2953
328
1265
1987
1639
1500
1402
317
975
524
1007
484
2026
1665
1229
701
4494
1896
224
1563
381
2602
1927
1427
769
5888
1417
2062
474
1052
2180
4024
1057
5049
11322
1774
721
364
105
2953
328
1265
1987
1639
1500
1402
317
975
524
1007
484
2026
1665
1229
701
4494
1896
224
1563
381
2602
1927
1427
769
5888
1417
2062
474
1052
2180
4024
1057
5049
11322
1774
721
364
105
2953
328
1265
1987
1639
1500
1402
317
975
524
1007
484
2026
1665
1229
701
4494
1896
224
1563
381
2602
1927
1427
769
5888
1417
2062
474
1052
2180
4024
1057
5049
11322
1774
721
364
105
2953
328
1265
1987
1639
1500
1402
317
975
524
1007
484
2026
1665
1229
701
4494
1896
224
1563
381
2602
1927
1427
769
5888
1417
2062
474
1052
2180
4024
1057
5049
11322
1774
721
364
105
2953
328
1265
1987
1639
1500
1402
317
975
524
1007
484
2026
1665
1229
701
4494
1896
224
1563
381
2602
1927
1427
769
5888
1417
2062
474
1052
2180
4024
1057
5049
11322
1774
721
364
105
2953
328
1265
1987
1639
1500
1402
317
975
524
1007
484
2026
1665
1229
701
4494
1896
224
1563
381
2602
1927
1427
769
5888
1417
2062
474
1052
2180
4024
1057
5049
11322
1774
721
364
105
2953
328
1265
1987
1639
1500
1402
317
975
524
1007
484
2026
1665
1229
701
4494
1896
224
1563
381
2602
1927
1427
769
5888
1417
2062
474
1052
2180
4024
1057
5049
11322
1774
721
364
105
2953
328
1265
1987
1639
1500
1402
317
975
524
1007
484
2026
1665
1229
701
4494
1896
224
1563
381
2602
1927
1427
769
5888
1417
2062
474
1052
2180
4024
1057
5049
11322
1774
721
364
105
2953
328
1265
1987
1639
1500
1402
317
975
524
1007
484
2026
1665
1229
701
4494
1896
224
1563
381
2602
1927
1427
769
5888
1417
2062
474
1052
2180
4024
1057
5049
11322
1774
721
364
105
2953
328
1265
1987
1639
1500
1402
317
975
524
1007
484
2026
1665
1229
701
4494
1896
224
1563
381
2602
1927
1427
769
5888
1417
2062
474
1052
2180
4024
1057
5049
11322
1774
721
364
105
2953
328
1265
1987
1639
1500
1402
317
975
524
1007
484
2026
1665
1229
701
4494
1896
224
1563
381
2602
1927
1427
769
5888
1417
2062
474
1052
2180
4024
1057
5049
11322
1774
721
364
105
2953
328
1265
1987
1639
1500
1402
317
975
524
1007
484
2026
1665
1229
701
4494
1896
224
1563
381
2602
1927
1427
769
5888
1417
2062
474
1052
2180
4024
1057
5049
11322
1774
721
364
105
2953
328
1265
1987
1639
1500
1402
317
975
524
1007
484
2026
1665
1229
701
4494
1896
224
1563
381
2602
1927
1427
769
5888
1417
2062
474
1052
2180
4024
1057
5049
11322
1774
721
364
105
2953
328
1265
1987
1639
1500
1402
317
975
524
1007
484
2026
1665
1229
701
4494
1896
224
1563
381
2602
1927
1427
769
5888
1417
2062
474
1052
2180
4024
1057
5049
11322
1774
721
364
105
2953
328
1265
1987
1639
1500
1402
317
975
524
1007
484
2026
1665
1229
701
4494
1896
224
1563
381
2602
1927
1427
769
5888
1417
2062
474
1052
2180
4024
1057
5049
11322
1774
721
364
105
2953
328
1265
1987
1639
1500
1402
317
975
524
1007
484
2026
1665
1229
701
4494
1896
224
1563
381
2602
1927
1427
769
5888
1417
2062
474
1052
2180
4024
1057
5049
11322
1774
721
364
105
2953
328
1265
1987
1639
1500
1402
317
975
524
1007
484
2026
1665
1229
701
4494
1896
224
1563
381
2602
1927
1427
769
5888
1417
2062
474
1052
2180
4024
1057
5049
11322
1774
721
364
105
2953
328
1265
1987
1639
1500
1402
317
975
524
1007
484
2026
1665
1229
701
4494
1896
224
1563
381
2602
1927
1427
769
5888
1417
2062
474
1052
2180
4024
1057
5049
11322
1774
721
364
105
2953
328
1265
1987
1639
1500
1402
317
975
524
1007
484
2026
1665
1229
701
4494
1896
224
1563
381
2602
1927
1427
769
5888
1417
2062
474
1052
2180
4024
1057
5049
11322
1774
721
364
105
2953
328
1265
1987
1639
1500
1402
317
975
524
1007
484
2026
1665
1229
701
4494
1896
224
1563
381
2602
1927
1427
769
5888
1417
2062
474
1052
2180
4024
1057
5049
11322
1774
721
364
105
2953
328
1265
1987
1639
1500
1402
317
975
524
1007
484
2026
1665
1229
701
4494
1896
224
1563
381
2602
1927
1427
769
5888
1417
2062
474
1052
2180
4024
1057
5049
11322
1774
721
364
105
2953
328
1265
1987
1639
1500
1402
317
975
524
1007
484
2026
1665
1229
701
4494
1896
224
1563
381
2602
1927
1427
769
5888
1417
2062
474
1052
2180
4024
1057
5049
11322
1774
721
364
105
2953
328
1265
1987
1639
1500
1402
317
975
524
1007
484
2026
1665
1229
701
4494
1896
224
1563
381
2602
1927
1427
769
5888
1417
2062
474
1052
2180
4024
1057
5049
11322
1774
721
364
105
2953
328
1265
1987
1639
1500
1402
317
975
524
1007
484
2026
1665
1229
701
4494
1896
224
1563
381
2602
1927
1427
769
5888
1417
2062
474
1052
2180
4024
1057
5049
11322
1774
721
364
105
2953
328
1265
1987
1639
1500
1402
317
975
524
1007
484
2026
1665
1229
701
4494
1896
224
1563
381
2602
1927
1427
769
5888
1417
2062
474
1052
2180
4024
1057
5049
11322
1774
721
364
105
2953
328
1265
1987
1639
1500
1402
317
975
524
1007
484
2026
1665
1229
701
4494
1896
224
1563
381
2602
1927
1427
769
5888
1417
2062
474
1052
2180
4024
1057
5049
11322
1774
721
364
105
2953
328
1265
1987
1639
1500
1402
317
975
524
1007
484
2026
1665
1229
701
4494
1896
224
1563
381
2602
1927
1427
769
5888
1417
2062
474
1052
2180
4024
1057
5049
11322
1774
721
364
105
2953
328
1265
1987
1639
1500
1402
317
975
524
1007
484
2026
1665
1229
701
4494
1896
224
1563
381
2602
1927
1427
769
5888
1417
2062
474
1052
2180
4024
1057
5049
11322
1774
721
364
105
2953
328
1265
1987
1639
1500
1402
317
975
524
1007
484
2026
1665
1229
701
4494
1896
224
1563
381
2602
1927
1427
769
5888
1417
2062
474
1052